ProductId,UserId,Score
1,1,5
2,2,4
3,3,5
4,4,3
5,5,3
6,6,5
7,7,5
8,8,5
9,5,5
10,9,4
11,10,5
12,5,5
13,1,5
14,8,5
15,6,5
16,8,4
17,10,4
18,11,5
19,5,4
20,1,5
21,7,5
2,5,5
22,6,4
23,3,5
24,1,5
25,11,4
26,12,5
27,12,5
28,6,4
29,13,5
30,12,5
31,10,5
32,9,4
33,13,4
34,8,5
35,8,5
36,14,1
37,5,5
38,8,5
39,6,4
40,6,5
41,6,5
42,6,5
43,13,2
44,6,5
45,8,5
46,9,5
47,13,5
48,12,5
49,4,4
50,3,5
51,6,5
52,8,5
53,15,4
54,11,5
55,6,5
56,6,5
57,10,5
58,3,5
59,6,4
60,4,5
61,6,5
62,15,4
63,6,5
7,11,5
64,5,5
65,15,5
66,8,5
67,7,5
68,15,5
69,3,5
70,6,4
71,5,4
72,11,5
73,9,5
74,9,4
75,6,5
76,5,4
77,11,5
78,11,3
79,3,5
80,3,5
81,5,5
82,1,5
83,6,5
65,13,1
84,5,4
85,15,5
86,3,5
87,1,5
88,9,5
89,5,4
90,9,2
91,11,5
92,10,2
93,3,5
94,11,5
95,4,5
96,4,5
97,8,4
98,5,4
99,8,5
100,3,5
101,6,5
102,6,5
103,7,5
104,15,4
105,15,5
106,5,5
107,10,4
108,14,1
109,9,4
1,1,1
